0 0.000125258 0.000113147
1 0.000162327 0.0529602
2 0.00032098 0.27792
3 0.000895166 1.25266
4 0.00281355 5.07013
5 0.00817193 16.4284
6 0.0189058 36.341
7 0.0346351 58.1652
8 0.0540005 77.5863
9 0.0756694 93.8124
10 0.099701 107.887
11 0.126507 121.354
12 0.155298 133.866
13 0.185274 144.654
14 0.216282 153.934
15 0.248363 162.125
16 0.281148 169.084
17 0.314265 174.709
18 0.347731 179.03
19 0.381473 182.278
20 0.4154 184.449
21 0.449275 185.51
22 0.482983 185.407
23 0.51656 184.213
24 0.550051 182.019
25 0.583363 178.874
26 0.616272 174.705
27 0.648666 169.497
28 0.680459 163.258
29 0.711614 156.058
30 0.742028 147.951
31 0.771569 139.008
32 0.79997 129.283
33 0.827036 118.877
34 0.852523 107.864
35 0.87629 96.4136
36 0.898122 84.7041
37 0.917952 72.966
38 0.93556 61.4734
39 0.950842 50.5037